c 1
f 1
j 0 4142 1510 1633 0
j 1 8284 1510 1450 4125
d k 1 0
j 2 12426 1510 1766 8183
d k 2 1
j 3 16568 1510 1595 12629
d k 3 2
j 4 1607 581 537 0
j 5 3214 581 644 1751
d k 5 4
j 6 4821 581 658 2810
d k 6 5
j 7 6428 581 570 4881
d k 7 6
j 8 8035 581 617 6334
d k 8 7
j 9 9642 581 512 7910
d k 9 8
j 10 11249 581 630 9437
d k 10 9
j 11 12856 581 564 11227
d k 11 10
j 12 14463 581 580 12978
d k 12 11
j 13 16070 581 638 14464
d k 13 12
j 14 4250 1586 1604 189
j 15 8500 1586 1691 4978
d k 15 14
j 16 12750 1586 1284 9189
d k 16 15
j 17 17000 1586 1492 12805
d k 17 16
